24
-4.0 4.5 1.5
-4.0 4.5 -1.5
-4.0 4.0 -1.5
-4.0 4.0 1.5
4.0 4.0 1.5
4.0 4.0 -1.5
4.0 4.5 -1.5
4.0 4.5 1.5
-4.0 -4.0 1.5
-4.0 -4.0 -1.5
-4.0 -4.5 -1.5
-4.0 -4.5 1.5
4.0 -4.5 1.5
4.0 -4.5 -1.5
4.0 -4.0 -1.5
4.0 -4.0 1.5
-4.5 4.5 1.5
-4.5 4.5 -1.5
-4.5 -4.5 -1.5
-4.5 -4.5 1.5
4.5 4.5 -1.5
4.5 4.5 1.5
4.5 -4.5 1.5
4.5 -4.5 -1.5
20
4
0 3 4 7
1.0 0.2 0.2
4
1 6 5 2
1.0 0.2 0.2
4
1 0 7 6
1.0 0.2 0.2
4
2 5 4 3
1.0 0.2 0.2
4
8 11 12 15
0.2 1.0 0.2
4
9 14 13 10
0.2 1.0 0.2
4
9 8 15 14
0.2 1.0 0.2
4
10 13 12 11
0.2 1.0 0.2
4
16 19 11 0
0.1 0.3 0.8
4
8 9 2 3
0.1 0.3 0.8
4
1 10 18 17
0.1 0.3 0.8
4
16 17 18 19
0.1 0.3 0.8
4
17 16 0 1
0.1 0.3 0.8
4
19 18 10 11
0.1 0.3 0.8
4
20 21 22 23
0.0 0.0 1.0
4
13 23 22 12
0.0 0.0 1.0
4
4 5 14 15
0.0 0.0 1.0
4
6 7 21 20
0.0 0.0 1.0
4
7 12 22 21
0.0 0.0 1.0
4
6 20 23 13
0.0 0.0 1.0

